-1 0
0.082232 31
0.082232 42
0.0701154 84
0.0701154 86
0.0701154 280
0.053534 18
0.053534 312
0.0519764 393
0.0519764 566
0.0519764 777
0.0519764 899
0.053534 504
0.053534 608
0.0545568 303
0.0546597 847
0.0579131 171
0.0579131 542
0.0642217 387
0.0713226 907
0.0768209 621
0.0792961 551
0.0792961 69
0.0545841 6
0.0545841 59
0.025975 67
0.025975 75
0.025975 192
0.025975 254
0.025975 487
0.025975 737
0.025975 813
0.025975 913
0.025975 948
0.025975 976
0.032859 101
0.032859 236
0.0351006 110
0.0351006 215
0.0284217 82
0.0284217 424
0.0284217 579
0.0284217 764
0.0284217 920
0.0284217 944
0.0284217 964
0.0351006 719
0.0351006 947
0.0351006 988
0.0387214 906
0.03925 400
0.0453047 950
0.0476821 414
0.0485477 744
0.0485477 851
0.0491461 50
0.0491461 294
0.0491461 934
0.0487106 90
0.0487106 166
0.0482521 121
0.0482521 211
0.0482521 382
0.0482521 386
0.0482521 516
0.0482521 710
0.0482521 781
0.0482521 866
0.0487106 483
0.0545152 785
0.0545841 578
0.0545841 627
0.0545841 629
0.0545841 857
0.0556594 156
0.0556594 500
0.0556594 644
0.046031 146
0.046031 390
0.046031 819
0.046031 949
0.0517315 85
0.0517315 323
0.0517315 692
0.0559892 460
0.0572349 163
0.0572349 301
0.049693 16
0.049693 443
0.049693 515
0.049693 655
0.049693 816
0.049693 870
0.0572577 307
0.0577092 596
0.0588165 722
0.0616501 650
0.0616501 910
0.0627323 436
0.0646784 339
0.0656664 425
0.0692204 453
0.0692204 839
0.0692204 974
0.0706441 956
0.0721411 420
0.0699552 96
0.0699552 130
0.0699552 250
0.0699552 378
0.0699552 463
0.0699552 485
0.0699552 638
0.0733509 53
0.0733509 139
0.0733509 239
0.0733509 240
0.0733509 370
0.0733509 389
0.0733509 391
0.0733509 448
0.0733509 484
0.0733509 841
0.0733509 914
0.0569159 202
0.0569159 302
0.0569159 696
0.0569159 751
0.0569159 875
0.0569159 894
0.0569159 981
0.0724782 673
0.0733509 983
0.0735641 258
0.069827 176
0.069827 844
0.069827 921
0.069827 924
0.069827 996
0.0700458 604
0.074381 958
0.074381 30
0.074381 548
0.074381 550
0.074381 669
0.0746936 422
0.0746936 467
0.0746936 775
0.0642212 233
0.0642212 759
0.0642212 831
0.0642212 867
0.0676187 928
0.0749902 376
0.0755632 849
0.0769069 787
0.0772026 626
0.0780309 939
0.0782612 2
0.0782612 685
0.0782612 711
0.0782612 966
0.0782612 994
0.0794574 72
0.0794574 214
0.0794574 511
0.0794574 936
0.0794574 943
0.0797808 707
0.080896 402
0.0811762 695
0.0812355 661
0.0834878 269
0.0834878 984
0.083603 748
0.0842861 275
0.0842861 597
0.0842861 912
0.0844156 975
0.0847991 347
0.084824 117
0.084824 446
0.0849018 427
0.0852868 348
0.0864541 987
0.0743399 66
0.0743399 111
0.0743399 555
0.0743399 591
0.0743399 592
0.0743399 780
0.0743399 803
0.0836216 80
0.0836216 440
0.0836216 783
0.0873662 88
0.0873662 127
0.0875823 51
0.0875823 892
0.0882173 199
0.0882173 599
0.0882173 763
0.0882173 930
0.0888691 833
0.0888799 36
0.092604 100
0.0940509 358
0.0940509 466
0.0942086 473
0.0949373 109
0.0949373 605
0.0971084 183
0.098656 908
0.0994409 338
0.0995245 52
0.0995245 188
0.0995245 727
0.0995245 752
0.0995245 837
0.0995245 932
0.0999719 237
0.0999719 587
0.0999719 990
0.100936 193
0.108559 184
0.107392 482
0.107392 557
0.107392 571
0.107392 790
0.10967 300
0.111368 108
0.112399 408
0.112399 432
0.12091 70
0.12091 457
0.12091 569
0.123479 1
0.123479 377
0.123479 658
0.124237 584
0.109143 200
0.109143 352
0.109143 454
0.109143 523
0.109143 797
0.110245 609
0.126848 21
0.126848 189
0.126848 595
0.135764 612
0.141319 423
0.142232 355
0.142492 740
0.142503 915
0.143186 222
0.149625 203
0.151863 363
0.154511 749
0.154515 116
0.154515 194
0.154515 288
0.156904 572
0.162491 118
0.162491 615
0.163879 102
0.166039 545
0.169964 106
0.170517 7
0.172187 56
0.172187 350
0.172187 478
0.172187 574
0.172187 589
0.187796 263
0.187796 575
0.193989 322
0.195328 381
0.20295 173
0.206191 392
0.209811 315
0.209811 411
0.209811 952
0.219714 508
0.228341 594
0.230707 465
0.230707 971
0.236275 34
0.236275 162
0.240077 17
0.240077 35
0.240077 220
0.24317 24
0.24317 677
0.24317 809
0.24541 421
0.263399 991
0.268463 434
0.281467 524
0.28297 119
0.284558 289
0.298233 873
0.309286 498
0.323917 230
0.329699 834
0.332389 693
0.33481 286
0.340679 309
0.340679 995
0.353916 362
0.370095 713
0.370346 935
0.381816 369
0.385748 332
0.388941 700
0.429119 652
0.446325 284
0.447393 946
0.451306 216
0.451306 858
0.456145 234
0.472291 407
0.478696 694
0.582022 701
0.631785 45
0.671831 716
0.735427 624
0.755284 643
0.896027 492
0.909598 63
-1 3
0.143217 77
0.0804262 99
0.0804262 169
0.0804262 175
0.0804262 179
0.0804262 187
0.0804262 304
0.0804262 567
0.0804262 747
0.0804262 957
0.0852326 598
0.0857288 62
0.0677655 8
0.0597446 23
0.0597446 103
0.0597446 177
0.0597446 264
0.0597446 270
0.0597446 613
0.0597446 794
0.0597446 826
0.0595442 227
0.0595442 290
0.0595442 923
0.0595442 955
0.060905 180
0.060905 556
0.0612427 64
0.0612427 341
0.0612427 406
0.0612427 469
0.0610014 57
0.0454239 44
0.0454239 205
0.0454239 472
0.0454239 531
0.0454239 788
0.0454239 911
0.0454239 919
0.0454239 986
0.0541908 733
0.0546567 11
0.0509572 91
0.044083 9
0.0440437 83
0.0440437 147
0.0440437 507
0.0440437 519
0.0440437 563
0.0440437 617
0.0440437 768
0.0440437 774
0.0440437 998
0.044083 140
0.044083 243
0.044083 401
0.044083 616
0.044083 4
0.044083 15
0.044083 306
0.044083 319
0.044083 830
0.044247 242
0.044247 954
0.0470133 558
0.0470133 691
0.0476489 817
0.0489525 141
0.0489525 680
0.0489525 929
0.0520426 329
0.0538622 318
0.054032 97
0.0546567 513
0.0561734 221
0.0570756 120
0.0572127 128
0.0507118 26
0.0345855 114
0.0345855 297
0.0322021 366
0.0277095 361
0.0277095 585
0.0277095 654
0.0277095 670
0.0277095 756
0.0277095 860
0.0277095 999
0.0280629 48
0.0280629 804
0.0292367 862
0.044552 536
0.044552 645
0.0507541 257
0.0531107 5
0.0534649 724
0.0547838 755
0.0559202 136
0.0597203 55
0.0597203 285
0.0597203 438
0.0597203 697
0.0597203 811
0.0600516 481
0.0631634 154
0.0632606 891
0.0654041 520
0.0656452 204
0.0656452 827
0.0656452 838
0.066578 320
0.066578 784
0.066727 54
0.066727 172
0.066727 182
0.066727 437
0.066727 452
0.066727 619
0.066727 726
0.0674946 702
0.0680419 490
0.0707579 405
0.0707579 561
0.0707579 565
0.0707579 942
0.071055 268
0.071055 657
0.0713421 255
0.0713421 305
0.0738739 689
0.0738739 893
0.0751889 37
0.0751889 496
0.0767411 959
0.0774177 886
0.0782809 888
0.0784646 125
0.0798454 22
0.0795629 12
0.0795629 155
0.0795629 206
0.066032 104
0.066032 310
0.066032 461
0.066032 489
0.066032 501
0.066032 506
0.066032 665
0.066032 861
0.0721641 372
0.0801712 71
0.0801712 514
0.0801712 725
0.0801712 741
0.0826342 580
0.0826342 927
0.0828444 226
0.0851736 124
0.0854732 494
0.0860251 143
0.0863023 295
0.0863324 395
0.0863324 534
0.0869535 471
0.0919762 938
0.0933366 10
0.0933366 259
0.0933366 502
0.0933366 529
0.0933366 736
0.0940517 635
0.0962439 573
0.0982292 829
0.0985066 745
0.0998718 160
0.0998718 562
0.0998718 682
0.100093 265
0.100093 450
0.100093 802
0.100392 224
0.100392 880
0.101176 840
0.102893 49
0.104495 217
0.104495 577
0.105415 776
0.107868 324
0.111071 38
0.111538 985
0.112909 238
0.112909 628
0.112909 940
0.114084 399
0.114319 476
0.114665 480
0.114665 978
0.116289 651
0.119033 732
0.119715 266
0.119715 464
0.119715 510
0.119715 766
0.119715 922
0.119715 967
0.119905 593
0.120642 435
0.121194 123
0.121194 276
0.121194 570
0.121194 600
0.121194 712
0.12193 606
0.122461 231
0.122925 161
0.122925 663
0.124253 291
0.124957 610
0.125956 252
0.125956 961
0.126275 158
0.126275 296
0.108379 190
0.108379 354
0.108379 373
0.108379 433
0.108379 690
0.108379 820
0.108379 821
0.108379 882
0.108379 897
0.117282 782
0.126275 326
0.126275 509
0.12641 60
0.12641 853
0.12641 864
0.130201 20
0.130878 328
0.131824 989
0.131846 68
0.135355 993
0.137907 365
0.141164 717
0.141164 800
0.143217 518
0.143744 539
0.143977 131
0.143977 848
0.143977 945
0.145218 144
0.145218 676
0.146107 76
0.146826 14
0.146826 313
0.146826 409
0.148628 723
0.150315 212
0.150315 379
0.150315 588
0.151971 98
0.162421 134
0.164784 632
0.17347 39
0.174519 962
0.176364 477
0.188082 79
0.188082 244
0.188082 806
0.198697 767
0.200531 267
0.200531 729
0.208839 168
0.208839 805
0.211657 678
0.214053 791
0.216821 538
0.222209 647
0.226198 41
0.226198 115
0.240957 282
0.240957 308
0.245427 321
0.245427 385
0.245427 762
0.247211 249
0.251257 953
0.258539 865
0.258733 468
0.261073 245
0.261073 428
0.261073 537
0.261073 896
0.263214 799
0.266609 547
0.268748 442
0.300936 742
0.318055 845
0.350229 94
0.350229 235
0.350229 863
0.357789 761
0.357789 872
0.357789 889
0.363462 470
0.363462 859
0.379032 145
0.379032 210
0.379032 704
0.379032 823
0.413499 728
0.421541 151
0.437926 261
0.445784 132
0.463368 327
0.468109 455
0.472503 642
0.485547 213
0.485547 549
0.486209 191
0.495913 877
0.506042 540
0.551386 902
0.552607 357
0.571362 659
0.680599 283
0.680599 925
0.753119 554
0.83355 532
-1 13
0.110303 19
0.110303 74
0.110303 87
0.110303 333
0.110303 398
0.103128 73
0.102462 164
0.0668691 89
0.0668691 219
0.0668691 292
0.0666675 293
0.0665538 349
0.0665538 456
0.0665538 521
0.0619027 526
0.0619027 535
0.0619027 714
0.062871 979
0.0643088 274
0.0643088 345
0.0615877 426
0.0615877 488
0.0615877 499
0.0615877 581
0.0615877 622
0.0615877 668
0.0615877 793
0.0615877 965
0.0665538 522
0.0581122 343
0.0581122 614
0.0581122 699
0.0581122 807
0.0687956 198
0.0693098 517
0.0710609 706
0.0723072 122
0.0723072 351
0.0707223 197
0.0469945 201
0.0469945 281
0.0469945 412
0.0469945 560
0.0469945 603
0.0469945 769
0.0469945 808
0.0469945 824
0.0479442 251
0.0479442 404
0.0479442 451
0.0479442 843
0.0479442 868
0.0479442 917
0.0484759 479
0.0502146 564
0.0502146 963
0.0558454 107
0.0558454 246
0.0594931 368
0.0594931 475
0.0595784 337
0.0595784 708
0.0509828 33
0.0427307 186
0.0427307 223
0.0427307 403
0.0427307 586
0.0354446 135
0.0354446 218
0.0354446 359
0.0354446 602
0.0354446 641
0.0354446 648
0.0354446 666
0.0354446 715
0.0427307 674
0.0427307 825
0.0432299 441
0.0433871 32
0.0433871 331
0.0433871 687
0.0464812 278
0.0470163 660
0.0477718 430
0.0477718 543
0.0501454 277
0.0501454 445
0.0452266 40
0.0452266 271
0.0452266 486
0.0452266 553
0.0452266 649
0.0452266 980
0.052783 150
0.052783 334
0.052783 731
0.0587179 653
0.0587179 968
0.0593279 148
0.0593279 153
0.0604497 380
0.0692426 815
0.0692426 900
0.0725002 688
0.0725002 208
0.0725002 325
0.0725002 474
0.0725002 544
0.0661796 195
0.0661796 679
0.0661796 754
0.0661796 842
0.0661796 854
0.0653885 887
0.0653885 916
0.0653885 977
0.075803 262
0.076032 730
0.0775341 133
0.0775341 149
0.0671583 178
0.0671583 273
0.0517094 397
0.0517094 415
0.0517094 416
0.04484 29
0.04484 232
0.04484 634
0.04484 662
0.04484 672
0.04484 683
0.04484 753
0.04484 903
0.0473791 960
0.0557814 256
0.0563889 46
0.0583741 311
0.0615491 25
0.0615491 298
0.0615491 413
0.0615491 855
0.0762433 533
0.0762433 918
0.0789037 374
0.0802027 601
0.0802027 703
0.0802027 883
0.0809804 503
0.0809804 814
0.0809804 822
0.0815135 27
0.0619265 493
0.0619265 541
0.0619265 757
0.0619265 789
0.0619265 850
0.0575055 856
0.0575055 878
0.0575055 879
0.0575055 973
0.059484 765
0.0619265 336
0.0619265 356
0.0619265 846
0.0656967 671
0.0672444 709
0.0707585 375
0.082591 895
0.0838403 253
0.0838403 778
0.0841969 686
0.0841969 828
0.0841969 926
0.084912 330
0.084912 633
0.085062 93
0.085062 625
0.0633152 43
0.0633152 92
0.0633152 618
0.0633152 640
0.0633152 667
0.0633152 721
0.0633152 869
0.0651922 272
0.0681645 207
0.0681645 360
0.0681645 620
0.0693905 770
0.0819791 636
0.0878065 431
0.0893558 512
0.0924976 384
0.0924976 410
0.0924976 568
0.0925532 419
0.0945878 933
0.09593 78
0.09593 429
0.09593 801
0.101176 335
0.09155 364
0.09155 449
0.09155 637
0.09155 656
0.09155 881
0.09155 951
0.0718341 982
0.103953 992
0.103966 396
0.106126 750
0.107837 112
0.111443 698
0.114498 142
0.115949 209
0.115949 771
0.115949 818
0.115949 901
0.116909 796
0.118307 931
0.118661 47
0.119491 65
0.119491 181
0.125064 743
0.12585 287
0.12585 317
0.12585 383
0.12585 527
0.0912479 185
0.0912479 367
0.0912479 646
0.0912479 705
0.0912479 734
0.127084 779
0.129534 462
0.129581 832
0.13002 138
0.130704 684
0.133215 159
0.133633 165
0.133633 174
0.133633 969
0.134567 157
0.134567 639
0.134567 718
0.134567 835
0.134567 874
0.134567 884
0.135158 167
0.136656 795
0.138651 247
0.142693 241
0.146318 786
0.148384 735
0.1541 394
0.154313 299
0.154313 607
0.154313 720
0.176887 447
0.177721 458
0.179089 630
0.181859 890
0.185766 388
0.185766 738
0.185766 758
0.188061 225
0.188061 439
0.188061 590
0.188061 798
0.188061 898
0.194836 559
0.200273 229
0.212467 664
0.21314 760
0.223186 314
0.231386 28
0.238235 904
0.238235 941
0.24833 495
0.253461 346
0.255888 497
0.258312 81
0.29172 61
0.286211 170
0.286211 196
0.286211 611
0.286211 885
0.297132 129
0.31469 852
0.319288 525
0.320594 248
0.320594 871
0.326304 530
0.326304 631
0.338335 972
0.34602 95
0.354433 371
0.363533 810
0.384201 353
0.385581 152
0.385952 997
0.3884 746
0.3884 909
0.406081 340
0.406118 576
0.40982 418
0.437191 344
0.437191 876
0.451514 342
0.451514 937
0.451561 812
0.484395 552
0.484395 675
0.496832 792
0.500591 105
0.500591 772
0.501819 459
0.542894 260
0.662383 444
0.665587 970
0.671933 546
0.67325 623
0.725601 113
0.735114 126
0.735114 279
0.735469 836
0.781142 417
0.846714 582
0.859199 137
0.999962 228
-1 58
-1 316
-1 491
-1 505
-1 528
-1 583
-1 681
-1 739
-1 773
-1 905
