14.64820646960626 -12.663485904661536
15.983358914538373 -12.511877916746062
14.372322126175721 -11.416154921749158
-10.21660667664134 7.931000706002845
-9.640597316339498 9.71283830222802
-9.101382865206888 9.285327684107871
15.486760150511088 -12.400993896485293
13.883418596736014 -12.891743698357589
-10.019506083679797 8.74764475188126
-10.00336518061593 9.550296479586128
-9.664731339410952 7.59945186180707
-9.66570686145932 9.407590652953239
-10.073261638844972 10.281673923022502
-19.42352794953727 -19.54965136036249
-10.860179406297812 7.96096556646694
-9.532551284799135 9.627623573388114
14.209604557769348 -12.068390171337239
16.65674205280458 -13.349720353262908
14.496593615315374 -12.92081861570886
-19.285014693921912 -19.73336710131718
-10.969952069437804 9.750894052366307
15.061753541997602 -10.935798695233693
-10.159364104067356 10.027547382813784
-9.953560134218753 8.586197479959466
12.649384269787816 -12.086899181405023
-19.23704213466279 -17.636193370305847
-9.151712602043046 8.937052240408157
-19.14331260140037 -18.101208815856538
-17.789149643757053 -18.050671284761776
-19.529710788825735 -17.487259487901582
16.484153849174564 -11.394620196899963
14.39860360100896 -12.80466010834929
-20.26314672953044 -18.85456628830261
-20.568923725283945 -18.583289676402902
13.552258947691183 -13.017119501133756
16.417112686982144 -13.496115641299834
14.034961123994979 -11.382382313240575
-8.894269744320155 9.575127118606883
-8.474801924896239 9.612520219638052
-8.34774464853732 10.642429173345437
-20.736832151265713 -19.078949577703497
-11.820458846107936 9.580973418869243
14.67080357351559 -12.676004104665948
-20.60302946586928 -17.428238737105364
-9.525059383901048 9.231024355561683
13.190946752155826 -10.305156068178935
-19.936370910370066 -17.52942962051766
-21.196746107658267 -19.038725481136687
-9.267931981978633 8.672877639439607
-8.719252820972248 8.077778621285223
15.52862231718537 -12.242534589836445
16.151112389201785 -10.692926952320954
16.620992694891772 -11.832311606424582
16.086827782007717 -11.568627116464107
-10.65772570472427 8.419010186329409
-9.22827937926794 8.449514658053376
13.248999638905293 -11.96310547012647
-9.572587163052836 9.066731448710513
14.81374869564792 -8.732095792411092
15.208037684758558 -12.163152508366174
-9.220292831896648 10.72936742353187
-18.695326990009207 -16.934925651757787
-10.070873757517655 8.574906743121065
11.770784851505862 -11.715873295478211
-9.521351311112417 8.572776476312237
-18.613770181014473 -19.14502559237955
14.996875139184178 -13.158916739287577
15.237680411944169 -12.005070637624966
-11.023552208595971 9.909197183007434
15.324695247021666 -12.359377068358102
16.745530268062687 -12.53335580626316
-10.424637221711832 9.419951391061547
16.026774937853318 -10.696526386089904
-19.216707231100816 -19.04616414849819
-19.428367105856193 -19.61134736796445
15.292952303071024 -12.161011185290219
-8.832809061506815 10.880255707847102
-9.9689779723258 8.011303665729727
-20.868449378024387 -19.77519153881579
-11.712797701113205 9.090350028667482
14.714594706491086 -13.393550347201293
-21.663776766843245 -18.449571960925436
14.838236040694245 -11.800137997007779
-10.024441881173153 9.408798774066684
14.66040236349533 -12.55223993037073
14.516674718689568 -11.64242568808534
14.67831330540696 -12.577920360845585
-19.22461297388534 -19.736174616894253
16.25763414491732 -11.869976858873294
-19.367913530804927 -18.693755066911034
15.54798060998997 -12.260686806045692
-9.88063535322198 9.464719092613711
-20.453688886750424 -17.322467490815793
-20.469334289435086 -17.731086477786064
-7.666931628351243 9.532950609762539
-18.54211224726288 -20.325373380319245
15.483282393141947 -11.450034689633377
-9.448939465110769 9.31316373459717
-8.360549035306937 10.429706885283572
-10.238361603143286 7.943032524013482
16.039404581824254 -12.433129809070234
14.965316714790589 -12.054803926759183
16.563286622750297 -13.041947977384458
-10.023482795806148 8.727279285799801
-10.528221201032508 10.375011130866358
-20.12503693495495 -16.150178606766712
13.705108427459166 -12.498249061262806
-19.679721429268966 -18.017456181159677
14.41431710541626 -11.085088883906907
13.972392717078582 -12.479978522631647
15.106740911051727 -11.943951744449276
14.755494191638535 -13.348226609172183
-18.985745324088953 -17.494680133089318
-20.92445530076938 -16.241149587246415
-9.104895912857407 9.047104321903763
-11.895601065855496 9.47192998543676
14.269887484667723 -10.905179489608523
14.149681367097848 -11.228391407611177
16.557315558159733 -10.400609475486858
17.5134479859337 -12.506939144441711
-9.271043361927317 9.752278211114014
15.790511876526173 -11.963082313543488
-19.82986544653454 -18.542240557726487
-11.226382496613958 8.996543127639647
-10.259363269126188 9.194352082861805
-8.74098926967135 8.784961035216238
-20.65051114485397 -21.31369594554569
16.479629758341435 -11.938721344382778
-9.267850286425382 9.107668489209068
-17.482193614078405 -18.117886344865497
15.460914869710535 -11.559045354298148
-11.254189619250575 10.002107785240756
-7.680912495854853 10.207580016282424
-19.52865471070255 -18.087550771241457
-8.148668043914356 8.439317330313541
-20.512626607884307 -18.85117480089596
-8.935593244391997 9.266370578244112
-16.972805790836308 -16.82005527864213
-20.127273662921677 -16.9761689531112
16.337484912756125 -11.630318812349469
-9.784564000992294 9.571293000752696
-9.35877859813727 9.473395312501514
-18.544447219668875 -17.961965742009934
-9.844870042517583 7.745555211525383
-9.282438248898073 10.950167949685904
-7.33522679623152 9.276061565565225
14.61508152328199 -11.805682351324137
-9.847981552088925 9.539012227734446
-20.446859172077605 -19.240732181984594
-19.7489322766898 -17.87235720222744
-20.845942341520253 -18.55755149222301
-7.501014837318236 8.39365103090252
-17.819387025154622 -17.297432578535858
-20.600124951975307 -19.338124330444128
-9.095309050469385 9.472337455503455
-10.42114956007961 10.121510563563701
14.609433541687173 -11.980078276281445
-18.316963427654013 -18.46651607123363
-8.826575503108181 10.245437942026307
-18.296818982491022 -19.641891832635014
-9.37129643076501 8.04996801221843
-10.861809027966249 9.543055099024926
13.956805882682582 -13.372253222230501
14.261292697458106 -11.986297000574691
-19.3214219878426 -18.887331838105993
-21.05109074391718 -17.734507503265007
15.721318520129042 -12.10452046496019
-21.106579147485608 -17.383436779020435
-8.252761637026842 9.809904961728952
-10.166623682384321 8.030818955163467
-18.453105585436273 -17.043362599089274
14.514179558396965 -13.004284464329482
-10.247593200474753 8.941276226901543
15.51102315273797 -10.206129402087052
-21.051886097273993 -17.60984581524317
-10.165149990621849 7.892775858371877
15.176512592252783 -12.940830298046452
-9.805432246181564 8.855556632364548
-19.923524218107563 -17.69447006461916
-9.785075301644392 7.86059928936218
-9.5457907448628 8.753428223251323
-18.5205584434649 -19.06595482491614
-10.424951379800799 8.904532141491991
16.360284056578795 -12.009951226072626
16.730650121078313 -12.089246235238486
-18.101731057359554 -19.14546006950138
-20.614174720946966 -18.387158706597987
-10.03457987177983 8.085316291862659
16.389144911519118 -12.274944132124075
15.047500744406019 -10.856356659305023
-8.727920440628953 10.29556385952172
-8.874328626789405 6.239571930089281
15.300812013398494 -12.031365623819145
14.81550288346038 -11.135913026774421
14.466937420672293 -10.952688095318305
-20.5056542170125 -19.526967465892625
-18.20030218592016 -17.033083798253145
-19.873807515155736 -18.362038551932947
-20.051737914417277 -18.960770977292924
15.633812377750726 -13.151026182040429
16.416174191217465 -12.590822599013116
-19.878467775569284 -18.14530564772521
16.177259436954746 -11.186086119146607
14.671391437179107 -13.777943260820969
-10.332252484514138 8.770358045964496
-9.67621581260627 8.998774112483822
-10.351437890502286 10.189739460030792
-20.44630268603796 -17.253233880945903
-20.26751520953786 -19.355794485061796
-18.679614960260913 -18.848701932439592
-7.423308410309016 10.100924065894207
15.770741555283616 -12.056237541098485
-8.373533261498817 8.46852238288528
-7.954504339137556 7.301882935579457
15.886549871348977 -10.674608791042765
14.944314802163868 -11.898790617674498
13.926051626267904 -9.758534253403585
-8.472477271746804 8.767810479245641
-20.44183645100949 -18.801089567548182
-19.27877783494608 -18.78834934388154
16.848199428302436 -13.345722879539519
-9.32545273671643 9.742878761293294
17.04462313265946 -12.457486726244602
-20.473046748482442 -18.57293294604998
-8.86068096675069 8.166263036316096
-18.554291096856865 -17.450986623253545
-8.68821048158587 9.501225580708393
-9.715232428039641 8.666577318677938
-21.36668546015995 -16.183585749139215
-19.024302077276005 -16.875525632283107
16.5754917117757 -10.075391324748741
-8.548351538041771 8.387603096653452
-19.540925176178504 -17.422798919607803
15.775430003759544 -10.910463947330332
12.857460650234234 -12.979266201269969
-7.607553458162947 9.409200189305007
15.04199224135439 -11.976375628881229
15.315680417732437 -10.829372906207443
-10.773849907707799 10.495870886109937
15.893676061305488 -11.65106986592824
16.211685812423106 -11.445367108229748
-18.749949020338942 -19.636116855836406
-9.958524130284157 9.891996032560431
-9.684528949284257 9.453575752656084
-11.463563443339728 9.544736485002522
-7.993422668533544 9.32072134962263
-19.81696538435338 -17.928100446546054
-19.41468442516691 -17.07249305481485
-20.176856244146936 -16.445149161388553
-8.189137479543435 7.846984696588895
15.271250037746967 -11.339506737512112
-20.03283891421982 -18.144656296796292
-11.285273504265026 9.163181094827015
-19.97262911114053 -19.72230899534734
15.128959394572304 -12.13277805061215
-9.328245385462914 9.932177673522972
-19.81116462729073 -17.468196612244167
-9.062404119085015 9.20011359527431
15.275047805107375 -12.714581373023728
-9.759702119702489 7.775174792966048
-22.443594508383974 -18.407090291468826
-11.668870309693476 7.688650294616197
-20.408637702960615 -19.65503150762498
16.208531813701303 -10.141234627963232
-9.868102541762152 8.819555128676413
-9.049174110996544 8.135094104072314
-11.022253225749177 8.714540845793854
-11.353467365757242 10.324766204486071
-9.029855302950873 9.537938523794283
15.101722831476762 -11.148190681753853
-10.232783210483673 8.818034635179126
-20.637403895369324 -19.097420961193677
-20.2058564518399 -17.328084823858756
-19.72750581831121 -17.743137520040527
-19.88596528398393 -19.164032009612185
15.361022995029053 -13.107979523305282
-11.069187794462643 8.3818039452066
-20.768261648398365 -18.84596116614246
-20.370998350296606 -19.004714762603037
-20.228961122212603 -21.263902803931646
14.716133294315316 -12.85249348859516
-20.037847917355794 -18.38164102027094
-10.597208947747372 11.08501244893171
-11.43454845586881 6.9534608162974685
12.866121899167702 -12.816343554817491
-9.280010256138077 8.446784395179293
13.67392385339498 -13.491312567357339
-18.49968327893443 -19.48093482646761
14.170448458451373 -10.8772984644279
14.712062134756682 -10.237355202899158
-9.602900960723252 8.746525531099158
-10.389493139950309 7.716628917629177
-19.439344815482677 -18.793032659589098
-19.558046897750007 -18.81625679374421
15.562125845603692 -12.220568603823839
-10.312150093672328 9.10088285069835
-8.866101800637722 10.403974107106688
-9.187456930606489 8.953595721563062
-19.29536061102863 -17.809033063202165
-18.195215098925082 -18.308539411081913
13.914142245062587 -11.739239587316378
14.430514784401781 -12.038527058486281
16.226030677483543 -11.132372470740043
14.345868513779626 -12.795478291858018
-9.90965953143926 8.045311766180152
-9.182919085345198 9.828524002367383
-9.573554765094718 9.473788430818834
14.433215260581214 -11.592607658305594
-10.360096026528721 11.091254834392432
13.865858315581088 -10.220675685837467
-10.173371759835632 10.285077236444927
-19.313278736460536 -17.74505812971166
14.590804157847096 -12.769728552138274
-10.6249627924502 7.947665641814893
-19.671801073435415 -20.15732507541646
13.179351023556181 -12.20763479016568
14.01354340856579 -14.94503408636828
-18.439687699554057 -19.30303953127399
-9.616265265860301 9.874067655930151
-9.643597820041835 9.623286607894068
-10.487314500590424 8.56375982402516
-9.90503694108344 11.001185958606913
14.72367876441641 -10.653495452300074
14.526117655281222 -11.64802198840228
-9.080866709031264 10.13371133154279
-19.948135009828363 -19.55158615917918
-9.27017813018583 10.415191918728315
-11.489048685912628 7.562333867825903
-10.949105150714148 10.061457774751808
-9.348872846281713 9.38483396506028
-20.17882270365327 -19.75160988856996
-20.469232457033208 -18.945812811164135
13.638948269166493 -13.620201582379455
-19.470605307524547 -19.57593840214595
-20.698516820402038 -18.27201082658969
-19.100167835582695 -19.323979384585233
-18.78668178826745 -18.260445298390916
-20.410799022294132 -18.277112083799622
16.69755109342806 -11.634526158733786
14.408704696514123 -12.291910325590619
-17.441162469271976 -19.167271958180926
-9.457410980819185 8.946714614552654
-17.21619500751057 -17.714460191200168
-19.22656966037522 -18.646764561997443
-17.39431141139633 -19.62116564737841
-19.876834160733853 -19.169743284979454
-17.963064358901253 -17.861811132390528
16.10166724338758 -12.234440806074169
14.151764266711798 -12.577883525619997
-19.405923762837297 -19.02461527117627
13.45261605501182 -12.081081405684467
-19.810342038188566 -18.40236948269981
15.948620537863114 -12.832914346989945
-19.6362078143493 -20.583231831050124
-9.15954372153742 10.48043812142432
15.539142706271953 -10.477492429687679
-18.78163584086025 -18.372692380804487
-10.2998907006248 6.55812523952236
16.340486703928075 -10.626206570308298
-20.31163333605033 -18.765305382136948
-20.45318067982608 -17.26259860863269
-9.08679652566898 8.768070952529587
16.652685403650192 -9.745451556787602
14.281503044810089 -10.951888593853509
-18.973013080439337 -19.396540140534825
-10.886789976509597 10.278393443663798
-9.074073063083421 8.921733649158227
-18.07783559367975 -19.19425681226474
-20.380830151890663 -18.353838423930203
17.17983175443869 -13.087742901529316
16.05421042865626 -11.882198737192834
-17.916791441349687 -17.1179074561285
-10.50887546535806 10.451236542159362
-8.976431975677716 10.687309820719086
-19.086460195367568 -19.15371761610769
-18.81697988012861 -18.0361674394463
16.520792843042866 -11.047034302408408
15.921680086467434 -12.560760388646605
15.48370036441479 -11.591152440348086
-8.308870797145723 8.533433374146927
-20.149547110501896 -17.905021428046137
17.036275811740484 -11.255356759421014
15.891334670895205 -12.033047541697078
-18.48823440763868 -19.02929131065552
-20.904620903815257 -18.02030020075608
-9.914827955810276 10.983068405247653
15.657207040460086 -12.172557488857432
14.619985994861585 -13.142169070361772
-20.469636375251234 -20.43124452090571
16.116141849327274 -11.876202300615837
14.496101566390761 -11.940474927121862
16.29960149602429 -11.704294975335877
13.586190888139821 -12.873863505861188
14.553119154732682 -12.694187614390646
-20.468893878945888 -20.201919293957584
-9.572021909777899 10.05430633217867
-21.214981717751037 -18.691322938052785
-19.708752291581565 -17.611960515860314
-19.40336212855547 -19.21814593169677
-10.760961488500486 8.941348140002345
14.918934920259566 -12.256640340654203
-9.99978893951348 9.29400594985548
15.66436845567777 -11.102479237347962
-20.461095394449952 -18.44291870865121
-20.22966714366892 -18.35019982705977
-8.742712519711217 8.872644412264949
-9.501590460908853 8.85996307847789
17.91496172097218 -12.546841725163995
13.867250090285452 -11.518455607616502
-10.659937979749055 7.956357068732379
-20.813122582831856 -18.088609303175375
13.057492036376726 -12.334182481071593
-19.828113878986574 -18.235772411291777
-19.308329742300707 -17.84820898103161
14.824014610560692 -12.26666570911318
-19.650423962831816 -17.65145243863218
-19.527926884756845 -17.63415311754082
-16.915560934606713 -17.439600385451435
-19.951264646265532 -16.267434027727568
-18.70258393270603 -18.64822399640955
15.381064045194679 -11.58012273060626
14.951336930885427 -14.007465753011388
15.853130055060703 -10.997529850363607
16.597545697575768 -12.880963429612244
15.05313313540067 -11.874173363420995
14.2132614757962 -11.768219264201461
-19.738981254198325 -19.1126734056462
15.77107422877331 -11.483096956737928
-7.948926592652764 9.12863196483826
-20.836705498230046 -19.688229667232406
-20.72285739324576 -18.812605984400992
-20.95034821109991 -19.303284326263718
13.851746804428439 -11.66482909750415
-8.749422039736999 10.290234645153252
14.272944521354718 -13.66448960570869
-8.454803466180032 8.588136382391697
14.49724915425254 -11.528261641803963
-10.495356511582171 8.732690654042974
-9.23339140606935 8.484652170914064
-18.59053094177561 -17.451210973495332
14.850827552241315 -13.655554393930139
-20.53463678631025 -18.335341631103983
-7.707519047175162 8.50698736449093
14.555117133662474 -12.21759175357082
-22.414392871278096 -17.613962571258106
-20.730265785517293 -18.953831578346005
14.186603087620535 -11.329853350882537
-19.813480086040453 -16.89260182857664
16.193786081729943 -11.541835973775301
-18.997397837578287 -19.417996471315032
-9.095534649159989 8.159200402670384
-20.139434961532647 -18.21869069223203
-10.470435382363794 8.370128039963388
14.096717669360013 -12.32070484835134
16.258467698497064 -12.72777091483852
-8.663332614028265 6.758713908036377
-19.377542891755695 -19.234912904491523
17.003149438660216 -12.356725636781716
-19.30185785775675 -17.07557093195815
-18.730909241476358 -20.968036111817007
15.371840802551093 -11.776203104764631
-10.469771630504567 10.107179001253016
-20.824968811056117 -17.81568689701633
15.389722313855762 -11.370792405131581
-10.81021012388564 8.960214763265416
14.324748938009737 -10.473520750585632
16.520938396906764 -10.860732613101078
15.777603091151015 -11.200208374949366
-8.288945606262061 10.791192923699207
-9.485057107668325 8.963584316199821
-8.598280050090612 7.2153779282493895
-10.348788829221089 9.326546038750248
-9.428939378324817 8.935562444932696
16.599418576296927 -11.790316016704415
-20.050505461051493 -19.443426626884857
-20.269019402658667 -18.045177962257956
-10.668507098309943 9.833110752884345
-8.071017021187886 8.87660480934928
13.453396155019243 -12.120318521461442
-20.145389990034467 -18.48483836058191
-9.203856884815696 7.908276153608053
-10.044623331445914 9.891329845573182
16.735088727311762 -12.239830426360315
15.562767168786241 -11.948183399497019
16.008851133641688 -11.688649932050831
15.252678276812956 -11.350188795197223
-20.852646480702482 -19.111486724781642
15.09936163309891 -12.190675814205205
-19.69421106331688 -19.286055002930052
-10.353842015829963 10.231854517168081
-10.282715075704004 8.311342836558106
-21.2485007060862 -15.431451126700587
16.791639221280672 -14.675853712601038
-19.327087083466328 -18.15853625285184
-9.264636421823786 10.041013077813698
-18.332603590240126 -20.038996644337736
-9.028213511226362 9.57242544117033
-18.659312041974164 -20.175030769090995
14.310955712147514 -10.280742035091631
-19.882095889807278 -19.035728318458514
14.667472820713655 -12.036459324670615
-10.392923142639008 10.029000352063075
-9.622393811089449 7.912628311673247
-19.135894608034455 -17.99586074268917
14.921127505069203 -12.762338586855273
-11.776570602666938 11.348919106804306
-10.459205857190485 10.378440489768282
-10.016077607661757 9.3555536023941
16.75349440534559 -10.40453403223442
-9.344955045361456 10.371476143193531
-10.792812544167475 9.250645651268206
15.904912753733768 -10.694030812859912
-20.27559813899458 -19.92271812088736
-9.39003667633177 9.248464202027098
-10.45641092569101 9.522158516469217
14.329540107446665 -12.180215030333642
15.758951337210153 -12.229458447860917
-19.72817962621642 -18.608022078467993
-10.04947687286068 7.258053471428536
-9.908007428419511 9.687889948010339
-9.554286033950103 8.467830742384065
-19.412812712010172 -19.004594341215284
-19.462472782397313 -18.691838775134286
16.340017656548685 -12.941918684587556
17.180458833142822 -11.195328837608248
-20.43180211927893 -20.765756524656226
-19.60477847459528 -19.080898325793367
-18.36639467054075 -19.283598025842863
10.121811342227819 -11.763755649193602
-9.76214270796293 7.629895377740314
-18.988233573144832 -20.465349911592973
-9.434659413642109 9.009573726889844
-10.37400860688284 6.186886141612321
-20.188222530005625 -17.653376839962466
-9.745276019099324 10.092650596348282
-19.591983585237458 -18.831965448109088
-8.956260506455628 8.643925814192029
-7.738065155748951 9.071517099074285
-11.089744100850949 8.135485349018332
-9.493441564554148 7.2381840661839805
-7.115197640762939 8.727892244345274
-19.089281072401466 -18.266452029921624
14.307061362542294 -12.941459078589602
-20.565792173350722 -19.019995025104564
-20.283077041600944 -19.397974249458517
13.642478675552258 -12.000124858862062
-21.305316836339706 -20.944743812717206
-8.412272375747808 11.049892226758077
16.472645293406835 -11.229869923018402
-7.61643861450564 7.610711553158395
16.438248637684236 -11.45507355852473
15.124287387793759 -12.53673742030949
-21.914802600896827 -19.217106542050924
-20.806919047029737 -19.04398754967923
-10.206968590377727 6.3590784843247405
14.733853609716313 -13.203067744460848
-10.231474316888859 8.597281230768049
16.903525467045682 -12.235830647191026
-9.491955007857632 9.56251448411218
-21.282782756684956 -19.638442440283832
-19.8984910865049 -18.42388147473573
-8.728331474424841 9.195580107721478
-9.397511044905157 7.828595455912103
-10.206997114747779 9.601070536564556
-20.05570465624465 -18.043481960379708
-8.834844545377216 9.281841060460499
14.659410294244378 -12.743607434603652
-9.835683336861326 8.109691952678505
-20.90818513643207 -18.008392529040687
16.919321887209446 -12.448847075996028
-11.199771527755951 8.730822969212939
16.945354667337476 -11.841668653722428
17.089009977993324 -11.816788769736977
-10.612071717447256 9.87698599708262
13.419490709035056 -12.33912471197498
15.669371668688107 -10.163062197003363
-19.97815197033527 -16.276969712623927
-8.581794908009726 8.890017893327414
15.387982089557621 -12.475682702568868
14.983006039722301 -11.759656829628222
-8.924128419786616 9.785891890385194
-20.01618198706704 -19.199823159325454
-16.303802060292696 -17.662950663597982
-7.929871427810383 12.505685415127319
16.192790445187246 -12.646169758387936
-9.021067696702662 8.780384001310395
-20.488136444129022 -18.699794254327774
15.373055198219161 -10.793589380723818
-8.40574890122802 8.08805902670375
13.427590151396195 -12.174149464753354
-18.73681732454674 -17.39476413639521
14.883527274514973 -13.36823590774697
14.957955439241077 -13.212404682046511
-10.805978075852751 10.60535737825768
16.243377086554386 -13.413075017490248
14.828014013780598 -10.969727596462025
15.155478560829469 -11.59243693924361
15.411487067173034 -13.164320647729989
-10.157778337480856 8.233985392660482
15.288412744208681 -13.243462758910432
-11.046098089788288 8.612423398391789
-21.007042893830118 -18.511919910079328
-20.527362896460286 -18.595643557285833
-19.845297306205474 -18.21559659102246
15.506191582723755 -12.865102818773005
13.847696192374626 -12.356693200258324
-10.819809403521065 10.197965994800278
-17.875132979056847 -18.495682456412805
14.668540250595075 -13.050252635929313
16.127674720455406 -12.971754171599818
-11.266811439068334 8.969782765415955
-18.277963890500658 -17.161545722914646
16.710747259082492 -10.948674018869193
-10.092183438999335 8.680849268025488
-19.68616645840337 -18.651953112499733
16.452859271791546 -10.239085584236221
-9.718041182662322 9.597558052306232
-10.079893280361208 9.692451813290825
-20.542393814791566 -17.480434641353533
-10.48840336977083 8.352514833524143
-20.676681904263607 -17.2702103014366
14.584340056579347 -12.348031349480863
-19.913863176191022 -19.35727942286744
-17.951866416902817 -16.251079693302106
17.23352732639509 -9.525469990622188
-20.38104509235484 -17.513830479933386
16.632177236186273 -11.43433310780678
15.306907136782675 -12.483764749869826
-10.49448012606172 10.555767508947604
15.328579216874036 -12.48376679460789
-20.739974127118955 -20.070168855018412
-19.094793012903285 -20.559937122422983
-11.215275813234305 9.350371182770619
-20.402333149955517 -19.81504815575993
-19.37486454765206 -17.77022554158436
-9.62792765955247 7.533532140404465
-20.828554694609554 -17.49001873518374
-18.896924252157692 -19.40783433896978
15.532617662431392 -11.421755235479814
-18.277785168963955 -18.438046876242968
-20.38895781508158 -17.66887050998538
-20.61452822865849 -18.77541764366857
-9.53500908731656 6.546929125088722
14.605226569666279 -9.272343056946244
14.70834731707228 -11.938858489239339
-8.892412584351954 8.763526780528107
-18.20743289794566 -19.27291547177057
-9.564735079602729 11.071733796131046
-20.337538591593404 -18.62078894026589
-20.846719426739085 -18.8139213989791
15.919189271839471 -11.781343025324462
-10.567360763115117 8.056024181809475
13.402805909356383 -10.35216857978559
-20.995274099173567 -19.10504650043174
-9.186593049922644 8.799061112113145
14.36845906580764 -12.007423966412937
-18.84841702522572 -19.175500023015204
-9.035114779510117 9.50281874930109
15.89802233605497 -12.598979362664496
-11.288825453092393 6.964137762757181
-20.195814162759095 -18.63275496948262
15.681056576339364 -12.532730557951389
-19.492613868174878 -17.83414859819648
-10.868966718095654 9.779901367609343
-17.786961061534896 -19.511596145231515
-10.339449724649834 9.96441325417963
-20.587894693669234 -18.779548062512294
-20.321384938684368 -17.59374226459322
-19.980899347516235 -19.308107435583196
16.40736147053189 -11.417147029656686
-9.172169173873433 8.965958248568374
-18.700042185669748 -18.29174411536867
-19.6989479536134 -17.533819525796783
16.35495524112155 -11.415605542300984
-20.6908152894405 -18.43944606526622
-21.98740452500386 -19.19939398013404
-9.524639623572204 10.617450365504176
13.117582609647384 -11.475829193466804
-11.247119026537531 8.198602328034376
-20.376944708334456 -19.446251366509028
-9.346911000017617 9.72854791046383
-10.236679349111471 12.1467201037142
-9.457141755184887 8.111150394940852
-19.325857522810914 -17.644123848183273
-21.09796084437588 -19.560764340704285
14.164136777343117 -11.66542345533083
-19.55946915428727 -19.517075425356303
-20.291238068064132 -18.780173124307254
-20.08907265549012 -19.34080146114508
-8.776062974261682 8.419840715396282
-8.847008779786062 10.281079580945022
-9.474202952430485 9.703679905587407
14.514455138064129 -11.601707872779613
16.22597050224927 -13.648257999057815
17.30800394888734 -13.61352616834674
15.999638151130496 -12.381924202638224
15.878611858194954 -11.37261462218902
-9.221509030372664 8.49485009082671
-20.059737176247744 -19.96574782154577
-19.590644834122436 -18.780179413232844
13.303310112003938 -13.257549833964816
15.053847317857173 -14.612411185698868
-9.755199296549058 9.945992020386846
-21.001453044279874 -18.46643883204368
-7.482947947423653 10.036975034320568
-18.36742384514599 -19.420641244129158
-19.880265136404187 -18.69489174270212
14.344799698569302 -12.503441214469657
-20.46800094102368 -18.402886639751674
-18.711955652616357 -18.354581064214834
15.632517862642937 -11.903606389920064
14.220536181128217 -11.4224553412961
-11.140013134472778 8.908713949745788
13.686303272821847 -13.792275812536289
-19.192849336032612 -18.913427093569695
-20.3434757173963 -18.721732130781856
14.17940907289019 -9.463366911468757
-9.55498099964747 10.397502946472537
-18.19420666394415 -18.70136707400117
14.911033299843577 -12.160746963077186
-17.865212190269723 -18.57750867743419
-20.388355754204117 -17.624781487329347
14.186049801424572 -12.153696914518564
-10.043628959230977 10.648113308435132
-8.981052100463678 8.562442492832433
-10.361114028285362 9.375973936247163
-10.727006371780558 8.607155453353641
16.627154137856422 -11.94029273486057
-8.44580382998012 7.141432248113388
-11.537280856363871 9.688037502380656
-19.003687190270117 -18.807240140335352
-20.801510289946652 -18.287746965215675
-8.698758290015423 8.064829531864202
-9.369170742442543 9.179924512253377
-18.422507138361087 -19.32919025020917
-19.061470180306696 -20.049171429345577
-9.991685787835433 7.626653084070549
15.192440737147239 -12.191692189433882
-20.77548472578985 -20.195279701670067
15.172290472153898 -8.900642705662339
15.704585681686066 -13.402195832029662
-10.41129502027312 9.749279913354119
-11.453619838500053 7.778224315367895
-19.25255954586771 -19.926145386305848
15.085805396418007 -11.581920297443416
-8.990670205623642 8.248732283102598
-18.4814613497106 -20.51847708134263
-9.7732549844663 7.810627554125508
14.235104125423511 -12.566183147708827
17.31667540780241 -12.20869294553055
-20.143758708236394 -17.105677683952173
15.968203256007058 -11.217842630682076
16.56413034401566 -12.197203644796632
-19.6086751282499 -17.825890783315476
-20.23842252550785 -19.14612530788443
-8.876056609706334 9.096262075535098
-9.191416612556006 8.863517229095612
-19.076494022859283 -18.310828163520277
-20.760666641440494 -20.33213538034677
15.794479950436322 -10.883363914559308
-21.630051739720123 -19.153628276150407
-9.382030552698925 6.944556124609152
-10.072416391386579 11.060191936400678
15.269335449731077 -13.390487599060128
14.94582241542555 -11.868468793516165
-19.540592045742486 -18.300433331117723
-10.876453204179306 8.922015455157611
-11.332410403191446 10.28930693413439
-10.088546670224229 9.594746796057207
-20.052966469159628 -18.285002832113115
-20.789997763008753 -17.570342560417714
-18.786911815159392 -18.753378476798893
-20.368204428939286 -16.238327952312826
-11.800588397407626 11.329115430291454
-9.99551008743071 9.628449483685978
16.000559000415446 -11.016684121137466
-10.610850756045426 9.786208836688507
14.529561011661613 -12.989332251518803
-19.937784962278922 -19.69569980459043
-18.399335370864765 -18.669227713315536
15.055018864613022 -13.144913660622464
15.90909956423174 -12.158130434704761
-9.014411804129931 10.7126584670491
15.16176910640884 -13.34234027582708
-10.384354820922443 8.582888665685218
15.311513313231533 -12.393756941878284
-18.43358812968552 -19.722331626034592
15.508537351532665 -12.884487693417526
-9.555475324113443 9.201421576235333
-19.15206080617296 -18.28848519800271
16.957149271863464 -12.190308947570053
-10.908867597643363 7.6175861620080525
-22.278258402583457 -18.305900964144264
-19.86559863448097 -18.945315220482726
-9.776860476720339 8.718191690259317
-20.444530854945416 -20.039178181198793
-21.21909908587351 -18.419568301667752
16.264027215184534 -12.776810715438396
-18.662418476539205 -17.330910841741172
-9.050599232374308 7.359885018483903
-9.749720039566492 10.468342898941254
-20.85153544981257 -19.544309248248037
-9.11409516942495 8.013906131811616
15.052790956156219 -13.230891838094983
-9.295585145285697 8.884190385219435
-8.212146903134856 9.870620638464144
-11.452000418802363 9.48807194785109
-19.303254664757716 -18.514415257747434
-19.703413170618937 -18.465730097066935
13.191582617291994 -11.48590849232256
-21.793032641805755 -18.949407193405655
-9.33715750841625 8.483942551447456
-17.195914414565348 -18.517483461277827
15.142405345998322 -12.177245261044416
-19.389410327409447 -18.12098489508168
-20.93878215300959 -18.64554878669887
14.421222934507886 -12.216058190578865
-10.066905622891866 9.341462961302414
-18.85531428478779 -18.83291942906508
14.582485511273338 -12.067661803532491
-8.813443127663657 10.344093409323738
-8.742256519401641 10.508897161842095
-19.32564825231656 -18.10631317310825
-7.061976414417486 9.328226170653497
-19.850003814121987 -18.3711977698288
-20.512978575873422 -18.493365510881667
-9.824024776876621 8.643336083032885
-10.300074185891905 8.571613090399254
-19.432855373244326 -19.412109186469383
-10.796476059061746 8.819616230444247
-9.608110505025365 9.672715877645922
16.122610012505266 -10.855524098894353
-18.333126182459722 -18.751095821734395
15.945277971931977 -10.448423241572213
13.457187851482118 -11.116526017551768
-18.12659791351475 -18.71745908665567
-16.918211662711432 -17.723331334706348
16.271572103660542 -12.229970035630592
-10.326545109221593 8.623876303559223
13.939143122530634 -12.062825663423787
-10.432673098406802 9.105001047258803
15.88615588549637 -11.613501506999667
-20.301222214897674 -19.48610682758042
-20.197776092712953 -18.155756035767144
15.374271110070053 -12.879021070180812
-9.14161612381295 7.247952140240384
-18.922553058225436 -18.438064298702958
14.88940754867037 -12.692067555830848
-11.135702494327225 9.992537158679607
16.214701611386825 -10.844328642819075
-19.104558046909343 -18.20319817242048
15.062279086609482 -11.565031577368869
-21.611865461514302 -17.749367366966577
-9.076345438389822 10.763193600790121
-20.52139737811839 -19.386335299163367
-19.175441422486124 -17.7413950412273
-19.06364843588292 -18.3292261059725
15.242659965362728 -12.567493552322961
14.336332864422822 -9.677482617308746
-8.90865686857925 6.85840002114616
-9.039788338365875 8.760460189391491
-10.096648694857086 10.223129197680375
-9.121796203492156 9.120602087856225
-7.492921647707586 9.489216800992974
-9.437593228706898 10.416320554600706
-9.429663144650409 11.436854017742581
15.642401288221283 -12.012598189266297
16.137518368670516 -10.892822963650739
-20.126529188285783 -18.278925685509424
-20.179756801127372 -17.53994091599474
14.358224094907056 -11.96390132878216
-19.90119564855002 -16.558783154647394
-9.312509427071582 6.950114348255008
16.120816595093206 -13.692616156856781
-18.163934680054084 -18.80148629620657
16.058262048638586 -11.194550162431304
-17.437485947965467 -19.545228786974043
-7.49724893882281 10.216412516665923
-18.954814432764774 -18.263676312180014
-19.30023660120605 -18.34181912379754
-8.802442516563513 8.008598655160139
-18.887525063634172 -19.191930715486325
-8.92574072222237 10.163395107674123
-21.100149442457102 -18.44003075619494
-18.341857100087193 -18.384367153378204
-18.65833954144481 -16.670733584390558
-9.727806532094466 9.977058657179455
-20.653321624096943 -19.586057122311978
-9.136057735932548 8.32951713395038
-9.546715434649633 6.922270309978421
-21.37291042524573 -17.699685925290826
-10.02560147527025 8.416422121066324
16.422519236458538 -10.819867491595263
-8.863813606274455 8.539076908693664
16.2346047034259 -11.156814659148585
-19.952524754930387 -17.28953138693836
-7.87598288033433 9.293751676635585
-8.924953621204114 10.727881816780911
-19.190634173715345 -17.150311729545233
14.78580322421073 -12.716942073903345
-21.00047070280351 -18.723669362645346
-18.813883411950535 -18.86856195761968
-7.314950256788878 10.475762867835765
-19.619014899707633 -17.72618343726484
-19.0234508722024 -16.77549261305862
-22.133109998130937 -20.300108363430237
15.426605622376771 -11.965751780051178
14.608516140446518 -13.220903754810644
14.97421019431911 -11.204890852645315
-18.308939254696067 -20.649478436722774
15.812524756953295 -11.741709229933985
-9.672180245900321 9.170086775554376
15.649873073805425 -12.882739227311438
15.360460671992053 -12.128497933147742
16.09842044529611 -11.333946502746102
13.973557153694026 -12.996308213116944
-20.64240232858198 -19.54684180399888
-20.166094236311796 -18.238161270477597
-20.169177025458936 -17.649577117748084
-9.741836217112137 9.196263213088539
14.816545851185596 -11.82797227726809
15.281556485821193 -12.725156809965556
-10.773083333663665 8.983837493147615
-9.772129558754449 8.771762341615478
15.108949807043295 -12.761163132487297
-11.742057482384775 7.195825512848815
-19.709849929918185 -19.532162810127446
-8.799142183309774 9.535871848303284
15.84466796563764 -10.80855789248557
-9.314821831861599 9.525709770983509
15.34788053889499 -13.35571762467962
-19.168801965039748 -17.299074899909392
16.609907028729456 -12.119631351032552
-20.556663625919043 -17.976107922762377
15.556279546262598 -12.110725727344942
16.52881661487461 -13.766484869196349
15.626730336511073 -10.844317221152389
-17.490231555899545 -17.676228648981237
-9.542106199178985 8.270212605325534
14.792888254203016 -11.52450364344866
-10.445128516172122 10.714165752902037
-19.222162072152223 -16.748528935931837
-8.651379127382716 9.117697460208735
16.003852662483215 -10.634571990218346
14.809030988039137 -11.843643168956186
-11.2986541540246 9.57543160858609
15.684867026990112 -9.559078974692955
14.798821059962396 -12.120760745159798
15.28742546083406 -12.099308951312903
14.586446908513452 -11.762304598181693
15.203332813227801 -11.761642096405843
-19.253412330590216 -19.47245358248916
13.110593233034592 -11.954739166198257
-9.09747488173313 11.416048842913984
-9.981027564131633 9.808364201888203
-10.003132713561993 8.57095302565103
14.871701847908174 -11.51829549443486
-10.050965226102315 8.282789606884375
16.363900138849864 -11.2714781216802
-8.809137883956131 9.44150599766398
-19.73167307623747 -17.710749646967606
-11.300490462667293 9.081380304859223
-11.605287316176822 9.047568391863381
-19.857219737392544 -18.06755173146376
14.976409719666558 -11.970387145044857
-19.833684453834938 -18.94440153093719
14.320856607344092 -11.466900250590424
-10.789803495257393 9.248631762130795
-20.82365504516552 -19.18675472029372
-21.020137794101647 -17.801032544398705
-21.129690991299277 -16.56792739133566
13.85768131306245 -10.823557774993844
-19.109622959535212 -16.41451286595625
-18.96711639878216 -18.30094558887436
14.000223716157384 -12.210375781818291
14.878728598994641 -11.4884707729902
15.091922629844706 -12.1600729899162
-20.3881564945876 -19.511961119796254
-9.273808258409598 7.821828421393099
-19.659380217174864 -19.050155426631456
-20.683453978790144 -19.096848544522935
15.88816241631673 -11.222483185909978
-19.032742323708735 -19.618944180226435
15.841794997740454 -11.677171255372176
15.309524727703453 -11.282433457006446
-10.640532776108426 9.470446076699085
-9.70913381981757 9.21136516547382
14.857687130117927 -13.110207517259424
14.911313406837614 -12.11511260861179
-8.709328692867729 9.981039638827003
15.396687389684807 -10.830512698454882
14.260705555295466 -13.633099458051554
-19.13493512367418 -19.772314962600387
-8.38398799450592 10.247647702565683
14.630246665127556 -11.394013332032555
14.525215278072968 -10.074460840943308
15.238631536879884 -12.84110271629171
-21.833448106929815 -18.511907724053703
-10.006792213882717 9.559394378094385
-9.139295993249936 9.058009682499325
