6.960223243128984 -2.4160521920847975
-7.28696848157727 -2.8975847325060506
-9.217272202409939 -5.3887741700476415
-7.020798082492489 -3.7655664707180705
10.098103604270579 0.9412098404752862
-6.219619692127469 -5.302100168138159
-7.990052147199094 -3.7281883290149906
4.870746542536167 -2.6912110186431497
5.270394321249113 -1.5570556813809269
5.992791133678879 -2.7118596890118662
9.116040230485048 0.4115493125708842
6.147292010726129 -2.577401633684424
9.041515518757487 0.5963634681192751
-6.900454576624547 -3.9143395788201065
9.115732515019353 -0.9742923877060752
5.517416566372289 -2.609005219227297
-8.039232111064434 -4.48225969475319
10.437850061034895 -0.332979045432497
6.451993037120094 -2.2609848507324215
8.615044877974738 -0.6349530304162865
-5.698266153917689 -3.966015426725547
-7.432646669569855 -3.696845453542256
5.888466507059629 -2.8621920926463176
4.583360787928281 -1.8792189678221753
-7.189106367303022 -5.347440651493222
-5.987848298183064 -3.6558760974452893
7.291616422768167 -3.5641972586290285
6.7732743726736775 -1.2972820841550223
10.414379945537455 0.09451902522413125
-6.748088500487474 -4.4932693445179614
9.09561513480326 1.8538662032730275
7.412405700668215 -1.9949651232945682
9.650420907054912 1.2884910254225574
5.337668230327827 -2.5223266506780733
-7.175278700524696 -3.558012726834111
-7.0831838488093775 -4.28639309474808
8.632054166697884 0.572744354288644
7.506384778012718 -2.1256063353161814
-6.81739783231433 -5.2433014588649876
9.446833615008646 -0.5252128127611873
7.355837060697947 -1.9166673140960144
5.977687074224089 -2.335304618704493
10.859048890404438 0.023804273219779848
-7.379650422553663 -3.9360517214084623
6.450658143161109 -2.957644711326609
-8.368495367739262 -4.828441570091209
9.75898870867168 0.21230803165210532
-7.1085625266771375 -4.73978186733633
6.637752389212071 -2.107334815005008
10.44261104620744 0.49933667401759574
-6.0129609933264625 -5.6123244476542515
-7.488754543246207 -3.770977626446799
10.72804498842304 1.875404297722715
7.390506804881025 -3.525699401222945
-6.709504731179692 -4.002803014881526
9.410639793486938 -1.212856134610113
9.332037903528045 0.3944052946893382
10.420324545641206 -0.9201121249671309
-8.302119462808486 -2.8746162086618927
9.403059793633313 0.004083154761292729
9.896587926327706 0.2661797516652336
6.630913683767248 -1.7087419055308568
-6.97583336840269 -2.88613056493406
-6.271256871823195 -3.9967620134711015
-7.254080625151863 -3.2152830174941704
6.028387779095828 -4.320450992636468
9.298617746884124 -0.2085757018822445
10.829074676984913 -0.8907816284112884
10.343754470301128 -1.304191894095309
-6.3519169204947925 -5.09702396787908
10.182704818669695 0.6623404111626932
7.001014612907781 -2.4111350737575075
11.199491063946667 2.611517546816457
9.616495786842524 0.6689202770530724
6.617710904724456 -2.7496585035770376
-6.523684952044784 -4.808683793647247
9.128396277151168 0.5974424576791882
5.653235460104966 -1.8972287621638206
10.002166782065743 0.5053659795459686
5.835149661180808 -2.4992304408048733
-8.872817053056448 -2.8174386286127184
10.400435397397995 0.3254319083470491
-7.351900743179977 -3.784019196639241
-7.715598421241607 -5.050865299363228
9.406973988654956 -0.0869950534642191
9.138815480336739 -0.08835688622928373
6.82763418311493 -2.1498527257517215
7.0540141492704 -2.038092968298607
8.641567117273835 -2.6926866609531523
11.16265700835213 -2.317335574577294
-8.432482217333233 -2.2107461460490394
5.60275662040122 -3.614278984650958
-8.04598987191548 -4.394762625205842
9.527463050463357 0.4487171474366272
-6.989842572701993 -5.002494764140526
-7.570519963118716 -4.041389724379817
6.182908573377445 -2.581933730423572
8.813108041783948 0.5799105902558774
4.940393610760233 -2.825804582027772
7.082758641863374 -1.819292008842194
